q
Asi}
distancias_anteriores
distancias_nuevas
cromosoma_objetivo
[1] 1

[1] 0.2202235 0.2734473 0.4331763 0.2940159 0.1300345 0.2685183 0.7517701
[8] 0.9610227
[1] 2
[1] 0.28921238 0.39018395 0.10927902 0.13280569 0.02895786 0.11099659 0.43506487
[8] 0.46513877
[1] 3
[1] 0.03139566 0.06723728 0.41671127 0.27034905 0.38282555 0.61735786 0.25852347
[8] 0.36758929
           [,1]       [,2]      [,3]      [,4]       [,5]      [,6]      [,7]
[1,] 0.22022349 0.27344729 0.4331763 0.2940159 0.13003448 0.2685183 0.7517701
[2,] 0.28921238 0.39018395 0.1092790 0.1328057 0.02895786 0.1109966 0.4350649
[3,] 0.03139566 0.06723728 0.4167113 0.2703490 0.38282555 0.6173579 0.2585235
          [,8]
[1,] 0.9610227
[2,] 0.4651388
[3,] 0.3675893
generacion: 1 - fitness mean:sd:max:optimo 2 0.68 2.8 120 
Called from: eval(expr, envir, enclos)
Browse[3]> + debug at #1: source(file = "/home/tesis/algoritmos-geneticos/clusterizacion/acga_experimental_beta.R")
Browse[6]> q()
q()
