0.5,0.5,0.5,0.5,0.5,0.5,0.424291,0.5,0.5,0.491113,0.5,0.5,0.455834,0.5,0.5,0.0891498,0.819552,0.809154,0.0743846,0.184333,658174,726238,598474,449043,195371,785650,108846,518208,399094,209026,337987,312969,793156,632764,52496.5,896734,696390,713225,623414,268345,438888,634157,840125,263763,157701,438738,90450.8,271225,896909,605947,356867,100735,469403,89260.1,477427,416121,429288,146738,721931,143872
0.5,0.5,0.5,0.5,0.5,0.5,0.5,0.5,0.5,0.5,0.5,0.5,0.5,0.5,0.5,0.792956,0.214957,0.132955,0.418691,0.593212,157745,279119,446381,326692,805966,925903,423233,236659,746973,733292,194721,844753,547878,259709,151155,291046,831894,911572,133042,67606.4,893723,290137,427303,793036,299680,487803,127125,760894,683372,799141,778839,703563,140880,170625,147501,727286,34782.8,914373,660334,559414
0.5,0.5,0.5,0.5,0.5,0.5,0.5,0.5,0.5,0.5,0.5,0.5,0.5,0.5,0.5,0.630016,0.234594,0.514902,0.452892,0.825301,754831,101028,800893,136573,660008,605964,774052,613117,945032,645863,33128.7,640215,477031,516786,513821,80334.8,155819,398523,799841,829147,148473,913912,194004,133632,859117,573516,449135,801057,194097,611341,635333,399312,531925,885314,871629,879278,858890,94617.9,362786,240501
0.591936,0.568254,0.642947,0.577673,0.557571,0.498695,0.48746,0.42935,0.525029,0.484402,0.425015,0.535579,0.480166,0.5,0.501739,0.0758034,0.800979,0.871132,0.0737642,0.165599,727147,942268,598474,449043,298571,856108,127136,610233,391881,402907,168829,51121,961951,178475,306856,721949,859136,689208,841225,443265,554481,456512,840125,263763,19835,562474,160551,307757,896909,605947,24800.6,51121,355972,613586,455270,144066,429288,146738,692477,51121
0.582034,0.369767,0.488012,0.5,0.632116,0.455814,0.40628,0.575549,0.511561,0.516639,0.598564,0.464044,0.509242,0.5,0.5,0.630743,0.629289,0.0557991,0.201594,0.0615694,520957,834458,143185,476213,887723,184948,825067,137676,808942,597018,719887,253200,527919,543246,599137,429121,562064,197564,194416,849840,134299,594941,678698,616253,250511,385450,319993,227431,800349,787556,797075,341407,367662,475129,961951,203013,178508,250570,245311,970756
0.5,0.422572,0.724762,0.555322,0.545886,0.527219,0.469401,0.587567,0.393763,0.452602,0.430393,0.5,0.552815,0.243726,0.587548,0.381121,0.262268,0.899433,0.39938,0.49135,866404,574139,706457,419079,671050,338364,455721,154538,706305,774985,510147,475509,440454,115638,895772,190045,27824.8,223649,372533,938718,19835,757462,227793,310260,308365,802259,345192,366077,175051,543556,19835,134145,625088,890084,347492,619127,312561,647287,580360,345059
0.591936,0.511662,0.642947,0.570357,0.603239,0.552179,0.463328,0.485319,0.766284,0.484402,0.401535,0.534959,0.478589,0.565753,0.529348,0.141392,0.780337,1,0.0737642,0.106821,647824,857457,598474,449043,298571,856108,127136,610233,391881,402907,313916,147562,687112,274943,253086,554709,859136,689208,699478,605232,554481,456512,840125,263763,19835,780897,160551,307757,896909,605947,19835,51121,355972,613586,455270,144066,199058,163321,794878,373960
0.582034,0.350713,0.477868,0.5055,0.598567,0.493445,0.307745,0.635561,0.511561,0.5,0.507519,0.431664,0.608615,0.592091,0.5,0.630743,0.556368,0.0611737,0.228299,0.131724,434826,842899,19835,970756,877097,194549,825067,137676,808942,597018,639977,51121,340990,551835,599137,429121,562064,197564,194416,849840,134299,594941,536753,716324,224534,311978,319993,227431,726140,827042,797075,341407,367662,475129,961951,203013,116246,301373,691238,885208
0.53993,0.16729,0.793472,0.648174,0.600258,0.525535,0.404758,0.582655,0.489997,0.489779,0.359531,0.535131,0.693912,0.0897143,0.594772,0.381121,0.33168,0.882099,0.34773,0.391517,866404,574139,923265,526981,614115,409869,455721,154538,706305,774985,429333,409964,422305,138581,823501,238897,19835,51121,372533,938718,19835,711416,227793,310260,308365,802259,535214,359316,175051,543556,26265.2,129572,79345.4,687935,347492,619127,758718,749358,810547,362878
0.679204,0.643448,0.642947,0.523743,0.623706,0.612862,0.395862,0.485319,0.775664,0.49294,0.384789,0.585678,0.478589,0.558982,0.569296,0.182993,0.806306,0.953845,0.1619,0.0751257,647824,857457,598474,449043,359156,799862,168387,577609,391881,402907,313916,147562,883397,545873,401262,762115,859136,689208,724391,286039,554481,456512,840125,263763,126508,644394,160551,307757,831949,566694,19835,51121,289355,565124,455270,144066,167712,186633,555122,218387
0.582034,0.364063,0.301733,0.525668,0.549772,0.471463,0.310831,0.721032,0.528116,0.629665,0.69139,0.379838,0.608615,0.659427,0.545597,0.693362,0.556368,0.0438341,0.209629,0.0796343,422689,802107,19835,785883,878416,51121,825067,137676,853632,544172,639977,51121,356592,301074,599137,429121,562064,197564,194416,849840,114241,563523,273451,462171,224534,311978,319993,227431,726140,827042,797075,341407,367662,475129,809757,261056,19835,208394,713548,970756
0.561923,0.3958,0.90935,0.644821,0.657606,0.675761,0.326373,0.708794,0.248956,0.489779,0.317174,0.544407,0.593543,0.118593,0.697073,0.293353,0.234161,0.821932,0.3322,0.405842,866404,574139,961951,543942,661186,515849,455721,154538,706305,774985,429333,409964,788217,634594,823501,238897,316573,58688.9,849623,625669,317340,358911,227793,310260,308365,802259,415282,51121,175051,543556,91355.8,51121,25111.3,886878,347492,619127,410522,492487,810546,413437
0.72197,0.673215,0.62323,0.529096,0.533194,0.632229,0.248595,0.485319,0.720627,0.427074,0.404678,0.673567,0.432542,0.538543,0.624074,0,0.851102,0.885695,0.0675243,0.13115,647824,857457,600987,468736,359156,799862,168387,577609,391881,402907,313916,147562,793153,293399,401262,762115,859136,689208,816930,222028,709697,607353,812939,267598,22792.4,486585,160551,307757,831949,566694,19835,51121,348257,562478,496287,216098,165263,389457,220155,118917
0.601266,0.364063,0.241277,0.58991,0.593659,0.461915,0.205115,0.74764,0.589785,0.737291,0.734312,0.39391,0.670037,0.535,0.782457,0.608262,0.648517,0.0100671,0.234969,0.11191,422689,802107,428451,719151,564706,358476,825067,137676,853632,544172,421387,175377,366723,389115,599137,429121,494253,146193,194416,849840,114241,563523,167539,732311,224534,311978,364275,150548,726140,827042,797075,341407,367662,475129,860003,68972.3,19835,118033,961951,963676
0.628292,0.410891,0.90935,0.573228,0.512732,0.706764,0.498585,0.703439,0.2211,0.451265,0.198406,0.544407,0.622559,0.0382002,0.762344,0.399916,0.26477,0.821932,0.3322,0.398186,866404,574139,961951,635408,649067,509384,455721,154538,706305,774985,429333,409964,959741,907665,823501,238897,19835,439511,673274,890915,19835,676212,227793,310260,308365,802259,438452,267012,175051,543556,92540,435064,328320,502063,373757,557976,616427,724637,961951,68479.8
0.792301,0.764369,0.627166,0.526873,0.615528,0.632229,0.337831,0.388192,0.799443,0.427074,0.404678,0.741217,0.305002,0.645326,0.632084,0.0359024,0.790032,0.884447,0,0.0813079,647824,857457,600987,468736,359156,799862,168387,577609,391881,402907,313916,147562,404244,263894,434885,959937,863120,706460,816930,222028,709697,607353,812939,267598,272568,240862,160551,307757,866655,527831,71737.6,145566,348257,562478,489153,205632,390728,661491,220155,118917
0.534972,0.362565,0.352816,0.5116,0.591915,0.454916,0.0452078,0.840853,0.617213,0.687616,0.646194,0.483299,0.513541,0.720289,0.550078,0.718916,0.622277,0,0.3327,0.174621,422689,802107,124080,549470,709102,162650,825067,137676,828269,578741,163035,51121,220180,375871,599137,429121,494253,146193,194416,849840,114241,563523,200042,376882,224534,311978,364275,150548,726140,827042,797075,341407,367662,475129,797538,51121,19835,205249,691315,970756
0.792301,0.764369,0.554187,0.526873,0.615528,0.632229,0.337831,0.35658,0.799443,0.427074,0.404678,0.741217,0.305002,0.619541,0.632084,0.0359024,0.790032,0.838737,0,0.0813079,647824,857457,600987,468736,359156,799862,168387,577609,391881,402907,313916,147562,183030,254261,434885,959937,863120,706460,787981,128530,709697,607353,812939,267598,272568,240862,160551,307757,866655,527831,71737.6,145566,348257,562478,489153,205632,390728,661491,220155,118917
0.727167,0.800092,0.559499,0.586331,0.6756,0.741711,0.261649,0.329756,0.736157,0.22189,0.357608,0.602091,0.176352,0.800967,0.613169,0.0128576,0.853323,0.946686,0,0,647824,857457,600987,468736,359156,799862,168387,577609,391881,402907,313916,147562,160557,588968,475315,927951,863120,706460,485178,452773,696942,965912,837989,267816,514185,224260,160551,307757,847725,553246,71737.6,145566,348257,562478,492498,184727,597463,943552,75290.5,324906
0.576637,0.368527,0.411084,0.5116,0.54419,0.488651,0,0.79298,0.666742,0.526843,0.600431,0.404691,0.513541,0.523145,0.621981,0.70117,0.622277,0.0154221,0.3327,0.46163,422689,802107,350031,496050,955983,156572,825067,137676,828269,578741,220991,51121,413786,224471,599137,429121,494253,146193,194416,849840,114241,563523,187221,923162,224534,311978,364275,150548,726140,827042,797075,341407,367662,475129,636177,51121,25902.2,106366,444332,970756
0.768982,0.778749,0.628668,0.559167,0.790439,0.59622,0.266165,0.340875,0.794294,0.374592,0.434057,0.741217,0.375542,0.674423,0.598202,0.102764,0.890559,0.838737,0,0,647824,857457,600987,468736,317136,819193,168387,577609,391881,402907,313916,147562,651849,283616,19835,896116,863120,706460,860400,547848,805291,576816,812939,267598,50550.8,375739,186148,314511,866655,527831,158903,388913,348257,562478,489153,205632,207078,580801,220155,118917
0.875583,0.729737,0.617117,0.70055,0.654902,0.65127,0.301488,0.351703,0.814546,0.234519,0.378878,0.509328,0.192681,0.724417,0.609425,0.208194,0.823748,0.962302,0.0414954,0,647824,857457,600987,468736,359156,799862,168387,577609,391881,402907,313916,147562,19835,419101,19835,970756,863120,706460,664307,640578,778711,651810,837989,267816,352593,364807,160551,307757,847725,553246,255603,248656,348257,562478,492498,184727,938836,751811,124788,297172
0.667499,0.297098,0.309162,0.504151,0.54419,0.488651,0,0.741257,0.644489,0.506978,0.516574,0.433985,0.516639,0.524152,0.588987,0.655492,0.706888,0.0234652,0.3327,0.406321,422689,802107,359683,316802,961951,51121,825067,137676,828269,578741,220991,51121,572200,99310,613743,493966,494253,146193,194416,849840,114241,563523,264403,743339,172163,361294,364275,150548,726140,827042,808796,312226,367662,475129,791153,324806,25902.2,106366,331747,970756
0.748695,0.755796,0.613368,0.814691,0.653125,0.685593,0.22363,0.159939,0.605081,0.264869,0.410126,0.718835,0.474928,0.643056,0.598202,0.0408223,0.901161,0.834745,0.0433651,0,647824,857457,600987,468736,317136,819193,168387,577609,391881,402907,313916,147562,365440,51121,19835,970756,863120,706460,961951,865696,944200,502560,812939,267598,30512.2,970756,186148,314511,866655,527831,297995,272589,348257,562478,489153,205632,193339,666180,371818,51121
0.8889,0.765219,0.591764,0.579927,0.549009,0.65127,0.261091,0.306376,0.823892,0.137297,0.417451,0.509328,0.250367,0.776196,0.609425,0.206398,0.823748,0.962302,0,0.0297713,647824,857457,601656,470002,340641,848941,168387,577609,391881,402907,313916,147562,19835,848663,19835,970756,863120,706460,664307,640578,765439,753503,837989,267816,352593,364807,160551,307757,847725,553246,339480,195383,348257,562478,492498,184727,938836,751811,124788,297172
0.724669,0.306258,0.24362,0.539716,0.54419,0.440962,0.1139,0.776368,0.649465,0.553567,0.518345,0.404031,0.516639,0.606086,0.695833,0.800386,0.813078,0,0.204344,0.331806,422689,802107,184595,509545,910356,51121,825067,137676,828269,578741,19835,222309,821345,325311,613743,493966,494253,146193,194416,849840,114241,563523,264403,743339,172163,361294,364275,150548,726140,827042,808796,312226,367662,475129,791153,324806,19835,51121,280557,788184
0.748695,0.817055,0.543355,0.782467,0.741216,0.56904,0.273706,0.224721,0.792423,0.352458,0.406491,0.818308,0.474928,0.709176,0.53617,0.0408223,0.723967,0.956959,0,0.0883078,689528,871498,600987,468736,317136,819193,129787,555731,391881,402907,313916,147562,365440,51121,190466,734434,863120,706460,961951,651696,813619,220536,812939,267598,19835,970756,186148,314511,866655,527831,346402,348660,348257,562478,489153,205632,19835,970756,342904,51121
0.944885,0.710366,0.631714,0.547046,0.546041,0.697144,0.348496,0.306376,0.823892,0.209955,0.344539,0.541426,0.407823,0.719086,0.523693,0.0772215,0.759421,1,0.0388272,0,647824,857457,601656,470002,310503,803870,154675,565676,391881,402907,324908,148389,19835,579855,57361.1,770227,863120,706460,487915,543419,630044,814550,837989,267816,493988,198582,160551,307757,847725,553246,191324,51121,348257,562478,492498,184727,961951,683179,424665,733658
0.667499,0.396772,0.430199,0.585969,0.54419,0.459146,0.0655418,0.776368,0.689084,0.611425,0.527636,0.404031,0.516639,0.611987,0.723241,0.863303,0.813078,0,0.240401,0.233548,422689,802107,352911,714425,961951,51121,878787,143701,828269,578741,141254,163589,961951,368029,613743,493966,538689,197877,194416,849840,114241,563523,425252,200581,172163,361294,364275,150548,726140,827042,808796,312226,367662,475129,961951,184945,128689,51121,84347.1,873759
0.748695,0.817055,0.557985,0.686039,0.682941,0.550649,0.347619,0.13914,0.738476,0.352458,0.517507,0.744487,0.40619,0.596036,0.511048,0.0731223,0.802448,0.855387,0,0,689528,871498,600987,468736,317136,819193,129787,555731,391881,402907,313916,147562,147371,127985,382456,750758,863120,706460,961951,922696,894960,142884,812939,267598,297960,970756,186148,314511,866655,527831,487023,202045,348257,562478,489153,205632,19835,970756,400034,51121
0.941696,0.712622,0.508513,0.650856,0.71706,0.597635,0.177133,0.335813,0.824533,0.152846,0.237387,0.519565,0.443585,0.688073,0.506366,0.0625021,0.842855,0.669935,0.0870428,0.0537538,647824,857457,601656,470002,310503,803870,154675,565676,391881,402907,314038,170230,19835,970756,19835,756649,863120,706460,226495,544353,697193,822053,837989,267816,843744,341018,160551,307757,847725,553246,251037,78217.5,348257,562478,492498,184727,709264,921148,252851,703478
0.778217,0.768214,0.557985,0.686039,0.735773,0.550649,0.188696,0.177829,0.738476,0.352458,0.517507,0.597949,0.504155,0.723522,0.583024,0.0731223,0.843597,0.938198,0,0,689528,871498,600987,468736,317136,819193,129787,555731,391881,402907,313916,147562,19835,68310.5,280058,944800,863120,706460,961951,922696,894960,142884,812939,267598,623197,651934,186148,314511,866655,527831,487023,202045,348257,562478,511798,165585,19835,970756,400034,51121
0.778217,0.768214,0.516895,0.686039,0.735773,0.550649,0.188696,0.177829,0.738476,0.352458,0.517507,0.597949,0.504155,0.723522,0.583024,0.0731223,0.843597,0.938198,0,0,689528,871498,600987,468736,317136,819193,129787,555731,391881,402907,313916,147562,19835,68310.5,280058,944800,863120,706460,961951,922696,894960,142884,812939,267598,623197,651934,186148,314511,866655,527831,487023,202045,348257,562478,511798,165585,19835,970756,400034,51121
1,0.706142,0.53578,0.63924,0.809454,0.659877,0.35132,0.354249,0.879782,0.197936,0.307383,0.519565,0.485369,0.676453,0.66957,0.0463162,0.854818,0.743861,0.128051,0,647824,857457,601656,470002,310503,803870,154675,565676,391881,402907,314038,170230,206433,970756,195143,970756,863120,706460,169085,289988,697193,822053,837989,267816,849463,569496,160551,307757,847725,553246,119593,226427,348257,562478,492498,184727,917253,963975,252851,703478
0.73268,0.751758,0.607315,0.68363,0.735773,0.515131,0.188696,0.179998,0.691534,0.283368,0.517507,0.597949,0.588905,0.723522,0.566861,0.130424,0.79756,1,0,0,689528,871498,600987,468736,317136,819193,129787,555731,391881,402907,313916,147562,19835,389427,300077,711138,863120,706460,692836,906124,894960,142884,812939,267598,623197,651934,186148,314511,866655,527831,487023,202045,348257,562478,511798,165585,19835,970756,317761,51121
0.690689,0.852219,0.595574,0.712248,0.823616,0.550649,0.144478,0.16521,0.666521,0.418892,0.517507,0.722838,0.61255,0.785577,0.608193,0.071248,0.974991,0.714231,0.0577928,0,689528,871498,601623,325957,317136,819193,129787,555731,391881,402907,313916,147562,19835,209822,558055,970756,863120,706460,769079,970756,873820,167085,812939,267598,639424,539583,186148,314511,866655,527831,426891,51121,348257,562478,511798,165585,94055,822331,19835,51121
1,0.764806,0.56049,0.63924,0.879142,0.695203,0.360028,0.404065,0.989739,0.111062,0.307383,0.519565,0.621195,0.733646,0.664926,0.137584,0.81925,0.858206,0.245423,0,647824,857457,601656,470002,310503,803870,154675,565676,391881,402907,314038,170230,363620,614314,19835,513781,863120,706460,19835,252368,697193,822053,837989,267816,800734,97423.7,199810,332594,847725,553246,19835,51121,348257,562478,492498,184727,961951,922712,353278,737092
0.690885,0.773582,0.603809,0.594624,0.704876,0.515131,0.246405,0.202018,0.691534,0.208987,0.517507,0.598101,0.588905,0.761559,0.530358,0.130424,0.798024,0.932105,0,0,689528,871498,643978,436666,317136,819193,129787,555731,391881,402907,313916,147562,19835,306444,234359,866535,863120,706460,613529,838000,885537,177505,812939,267598,623197,651934,186148,314511,866655,527831,827657,51121,348257,562478,511798,165585,19835,970756,19835,461980
0.738493,0.852219,0.50073,0.730869,0.920565,0.506245,0.144478,0.351432,0.584539,0.303259,0.517507,0.720475,0.514473,0.853727,0.596313,0.194278,1,0.762379,0.0577928,0,677799,862510,607684,332707,317136,819193,129787,555731,391881,402907,313916,147562,19835,262989,666114,970756,863120,706460,769079,970756,873820,167085,812939,267598,639424,539583,186148,314511,866655,527831,143533,138465,348257,562478,511798,165585,172581,970756,262800,51121
0.985593,0.716023,0.56049,0.588632,0.931797,0.706171,0.220122,0.486091,1,0.0755199,0.307383,0.61778,0.621195,0.774628,0.745947,0.118306,0.697999,0.899824,0.289424,0,647824,857457,601656,470002,310503,803870,154675,565676,391881,402907,314038,170230,381989,312271,294120,488600,863120,706460,187811,645048,423287,845833,812727,361319,800734,97423.7,199810,332594,847725,553246,104719,51121,348257,562478,492498,184727,961951,970756,353278,737092
0.690885,0.581635,0.665593,0.588662,0.704876,0.515131,0.338213,0.265644,0.702129,0.248565,0.517507,0.548673,0.656678,0.880673,0.556741,0.41794,0.732302,1,0.0147717,0.0949938,689528,871498,643978,436666,317136,819193,129787,555731,391881,402907,313916,147562,229044,371804,240590,733119,863120,706460,500575,608158,860540,128307,812939,267598,623197,651934,186148,314511,866655,527831,658313,188456,348257,562478,511798,165585,45075.9,771476,423877,152841
0.706857,0.885453,0.530098,0.765146,0.99042,0.534099,0.184743,0.280541,0.543145,0.362489,0.543284,0.746979,0.636222,0.97574,0.548989,0.139631,0.688087,0.748503,0.0523824,0,677799,862510,607684,332707,317136,819193,129787,555731,391881,402907,313916,147562,19835,51121,940001,970756,863120,706460,859937,908341,873820,167085,781561,277923,639424,539583,186148,314511,866655,527831,143533,138465,348257,562478,511798,165585,379012,936102,256746,51121
0.903638,0.690879,0.595312,0.588632,0.953969,0.679512,0.293214,0.482293,0.948633,0.221826,0.191799,0.576719,0.633462,0.774628,0.745947,0.18023,0.591326,0.809142,0.315456,0.135796,647824,857457,601656,470002,310503,803870,154675,565676,391881,402907,314038,170230,353729,66755.7,101884,522924,863120,706460,19835,51121,692612,601901,806284,352040,800734,97423.7,142251,365721,847725,553246,19835,51121,348257,562478,492498,184727,820571,706077,392616,970756
0.662731,0.581635,0.676661,0.576258,0.775843,0.659216,0.40736,0.265644,0.702884,0.161323,0.652628,0.549005,0.607201,0.793017,0.50942,0.43701,0.648073,0.978033,0.058121,0.0184982,689528,871498,643978,436666,317136,819193,129787,555731,391881,402907,313916,147562,356151,165507,315360,334871,863120,706460,74133.7,501632,860540,128307,812939,267598,623197,651934,186148,314511,866655,527831,658313,188456,348257,562478,511798,165585,64231.7,187181,188924,51121
0.875543,0.990113,0.607579,0.713452,0.99042,0.600458,0.235008,0.3188,0.504534,0.448993,0.615643,0.776413,0.836044,0.97574,0.602496,0.180906,0.672771,0.84491,0.124914,0.0883529,677799,862510,607684,332707,317136,819193,129787,555731,391881,402907,313916,147562,19835,115533,796055,970756,863120,706460,961951,970756,873820,167085,781561,277923,639424,539583,180093,323817,866655,527831,380674,397863,348257,562478,511798,165585,945185,970756,363226,157460
0.662731,0.635809,0.723826,0.542129,0.775843,0.768276,0.327637,0.160298,0.668341,0.161323,0.55059,0.571585,0.546815,0.793017,0.764121,0.46868,0.773556,1,0.157595,0.0184982,689528,871498,643978,436666,317136,819193,129787,555731,391881,402907,313916,147562,19835,566895,237220,440826,823504,765269,74133.7,501632,860540,128307,806622,283146,657583,581590,186148,314511,866655,527831,644624,51121,348257,562478,511798,165585,306300,355895,318399,510841
0.770773,0.838702,0.682704,0.672041,0.99042,0.670429,0.266156,0.281999,0.507045,0.448993,0.577764,0.764943,0.72028,0.97574,0.612533,0.225414,0.677649,0.8381,0.124914,0.176274,677799,862510,605604,416450,317136,819193,129787,555731,391881,402907,313916,147562,139859,221166,816199,853022,863120,706460,522347,970756,873820,167085,803557,337840,639424,539583,180093,323817,866655,527831,534635,325731,348257,562478,511798,165585,637204,970756,361661,107205
0.770773,0.838702,0.682704,0.672041,0.99042,0.670429,0.266156,0.281999,0.507045,0.448993,0.577764,0.764943,0.72028,0.97574,0.612533,0.225414,0.677649,0.8381,0.124914,0.176274,677799,862510,605604,416450,317136,819193,129787,555731,391881,402907,313916,147562,139859,221166,816199,853022,863120,706460,522347,970756,873820,167085,803557,337840,639424,539583,180093,323817,866655,527831,534635,325731,348257,562478,511798,165585,637204,970756,361661,107205
0.662731,0.635809,0.632748,0.542129,0.737534,0.806817,0.413035,0.269371,0.576598,0.264221,0.55059,0.685108,0.653777,0.746522,0.708689,0.437141,0.947619,0.990955,0.18715,0.140236,689528,871498,643978,436666,317136,819193,129787,555731,391881,402907,313916,147562,19835,401386,694647,239096,823504,765269,92469.2,181924,860540,128307,806622,283146,657583,581590,186148,314511,866655,527831,644624,51121,348257,562478,511798,165585,19835,831393,182299,661989
0.770773,0.838702,0.673403,0.677845,0.940408,0.531271,0.266156,0.281999,0.54995,0.485885,0.577764,0.830825,0.72028,0.96626,0.612533,0.139592,0.614668,0.8381,0.0492186,0.276497,677799,862510,605604,416450,317136,819193,129787,555731,391881,402907,313916,147562,139859,221166,961951,970756,863120,706460,406992,970756,873820,167085,803557,337840,639424,539583,180093,323817,866655,527831,534635,325731,348257,562478,511798,165585,785180,782784,440091,111021
0.783789,0.761542,0.837411,0.730806,0.964463,0.713837,0.266156,0.229336,0.531983,0.403168,0.522457,0.776886,0.72028,1,0.593431,0.225414,0.75794,0.769366,0.0690559,0.13368,677799,862510,605604,416450,317136,819193,129787,555731,391881,402907,313916,147562,19942.1,250559,906160,772687,811035,692039,687902,732396,873820,167085,803557,337840,597441,608858,180093,323817,866655,527831,650798,466949,348257,562478,511798,165585,304472,872645,194124,379568
0.662731,0.586023,0.572161,0.542129,0.650331,0.821643,0.413035,0.303962,0.690622,0.235086,0.55059,0.685108,0.625072,0.773923,0.708689,0.359615,0.774162,0.984874,0,0.214182,689528,871498,643978,436666,317136,819193,129787,555731,391881,402907,313916,147562,19835,572797,694647,239096,823504,765269,19835,355228,860540,128307,806622,283146,657583,581590,192720,364620,866655,527831,852201,51121,348257,562478,511798,165585,19835,831393,19835,706217
0.809956,0.8482,0.60138,0.677845,1,0.626539,0.153362,0.185623,0.502952,0.401529,0.577764,0.904242,0.654599,0.996175,0.634686,0.122028,0.73468,0.743955,0.100881,0.275885,677799,862510,605604,416450,317136,819193,129787,555731,391881,402907,313916,147562,112873,741924,831420,830002,863120,706460,502471,646224,839696,147973,803557,337840,630362,546770,180093,323817,866655,527831,534635,325731,348257,562478,511798,165585,684704,839130,440091,111021
0.783789,0.829924,0.741477,0.747191,0.873208,0.679939,0.291031,0.0845035,0.527389,0.29762,0.562135,0.860958,0.817619,1,0.508818,0.151432,0.824276,0.953753,0.0690559,0.146249,677799,862510,605604,416450,330763,810244,129787,555731,391881,402907,313916,147562,387430,408541,744133,892228,811035,692039,961951,556209,873820,167085,793449,314940,597441,608858,180093,323817,866655,527831,754544,251602,348257,562478,511798,165585,117991,741129,961951,51121
0.675534,0.586023,0.522441,0.542129,0.81654,0.806934,0.432516,0.356342,0.688788,0.258501,0.584775,0.664658,0.602729,0.808525,0.679084,0.286572,0.774162,0.994802,0.126212,0.311092,689528,871498,643978,436666,317136,819193,129787,555731,391881,402907,313916,147562,476322,143164,694647,239096,823504,765269,19835,630869,860540,128307,806622,283146,612397,597717,192720,364620,866655,527831,583955,51121,348257,562478,511798,165585,19835,831393,19835,775684
0.854627,0.741158,0.627073,0.58016,0.995846,0.722815,0.153362,0.267229,0.663171,0.365541,0.502909,0.91552,0.654599,1,0.538573,0.0284307,0.792461,0.732089,0,0.17661,677799,862510,605604,416450,317136,819193,129787,555731,391881,402907,313916,147562,19835,890594,420056,940004,863120,706460,299278,332364,839696,147973,803557,337840,630362,546770,180093,323817,866655,527831,530063,308931,348257,562478,511798,165585,665885,730040,168516,170355
0.7704,0.854384,0.79152,0.669905,0.873208,0.746579,0.291031,0.0845035,0.601638,0.37915,0.513227,0.743984,0.972372,0.923552,0.556156,0.208085,0.784602,0.953753,0.168495,0.197697,677799,862510,605604,416450,330763,810244,129787,555731,391881,402907,313916,147562,411290,342380,829508,782543,811035,692039,799694,545689,873820,167085,793449,314940,597441,608858,180093,323817,866655,527831,904915,184295,348257,562478,511798,165585,92600.2,691956,961951,51121
0.715209,0.641347,0.660831,0.69897,0.816124,0.899607,0.339356,0.260535,0.559812,0.260208,0.610204,0.748678,0.700169,0.882188,0.877486,0.239565,0.550387,1,0,0.248718,689528,871498,643978,436666,317136,819193,129787,555731,391881,402907,313916,147562,273253,101567,665508,523752,823504,765269,19947.6,567685,860540,128307,831706,328630,612397,597717,192720,364620,866655,527831,550219,76352,348257,562478,511798,165585,159637,717377,122049,684229
0.809956,0.771247,0.722947,0.611327,0.953326,0.884018,0.153362,0.100672,0.753862,0.442062,0.51461,0.918136,0.764223,0.968387,0.773699,0.0629386,0.696945,0.672271,0,0.207743,677799,862510,605604,416450,317136,819193,129787,555731,391881,402907,313916,147562,110231,599108,420056,940004,863120,706460,446048,157759,839696,147973,803557,337840,630362,546770,180093,323817,866655,527831,961951,424180,348257,562478,511798,165585,931126,788135,209389,194262
0.681553,0.914413,0.827774,0.547148,0.903484,0.746579,0.381782,0.0845035,0.566633,0.409694,0.582886,0.756913,0.972372,1,0.580951,0.429499,0.757797,0.941009,0.0738951,0.172281,677799,862510,605604,416450,330763,810244,129787,555731,391881,402907,313916,147562,890185,288356,657140,970756,811035,692039,763261,554013,873820,167085,793449,314940,597441,608858,180093,323817,866655,527831,961951,177961,348257,562478,511798,165585,271851,779496,961951,51121
0.987845,0.779269,0.84413,0.549958,1,0.765725,0.114107,0.0987155,0.733944,0.442062,0.576837,0.919115,0.513558,0.890087,0.715182,0.110293,0.696945,0.693783,0.18521,0.238125,677799,862510,605604,416450,317136,819193,129787,555731,391881,402907,313916,147562,32319.8,873702,651399,970756,863120,706460,453958,135698,839696,147973,803557,337840,630362,546770,171832,365051,866655,527831,848080,595038,348257,562478,511798,165585,621597,703264,554618,364123
0.66236,0.914413,0.648605,0.524454,0.879945,0.750633,0.353049,0.0845035,0.629604,0.480908,0.682975,0.839227,0.943103,1,0.798181,0.256364,0.819157,0.82304,0.05225,0,677799,862510,605604,416450,330763,810244,129787,555731,391881,402907,313916,147562,865081,167767,358110,611745,811035,692039,895579,459460,873820,167085,793449,314940,597441,608858,180093,323817,866655,527831,624617,298709,348257,562478,511798,165585,271851,779496,752681,51121
0.66236,0.914413,0.648605,0.524454,0.879945,0.750633,0.353049,0.123063,0.629604,0.480908,0.682975,0.839227,0.943103,1,0.798181,0.256364,0.819157,0.82304,0.05225,0,677799,862510,605604,416450,330763,810244,129787,555731,391881,402907,313916,147562,847064,309058,358110,611745,811035,692039,961951,657014,873820,167085,793449,314940,597441,608858,180093,323817,866655,527831,624617,298709,348257,562478,511798,165585,332580,604657,961951,51121
0.987845,0.779269,0.772011,0.520345,1,0.639425,0.0609331,0.0987155,0.747756,0.442062,0.585134,0.995387,0.587176,0.928666,0.764087,0.0209659,0.647227,0.678687,0.18521,0.238125,677799,862510,605604,416450,317136,819193,129787,555731,391881,402907,313916,147562,19835,970756,651399,970756,863120,706460,183184,51121,839696,147973,803557,337840,630362,546770,171832,365051,866655,527831,914338,624504,348257,562478,511798,165585,504078,970756,531138,700176
0.642771,0.91843,0.601241,0.609711,0.871253,0.747129,0.294393,0.21271,0.780659,0.431933,0.800687,0.778251,0.780783,1,0.789212,0.331975,0.902281,0.82304,0.05225,0.096122,677799,862510,617180,382397,330763,810244,129787,555731,391881,402907,313916,147562,615400,415838,662076,423990,811035,692039,825896,314715,873820,167085,793449,314940,597441,608858,180093,323817,866655,527831,789595,615351,348257,562478,511798,165585,246281,760180,961951,222122
0.587175,0.914413,0.555345,0.685768,0.90101,0.82317,0.353049,0.122242,0.789221,0.435603,0.682975,0.839227,0.943103,0.844533,0.891391,0.243653,0.819157,0.726389,0.05225,0,677799,862510,605604,416450,330763,810244,129787,555731,391881,402907,313916,147562,813843,268732,226485,937486,811035,692039,895579,459460,873820,167085,793449,314940,629091,566303,180093,323817,866655,527831,878824,84660.4,348257,562478,511798,165585,133478,829589,790866,51121
1,0.701702,0.772011,0.584873,1,0.639425,0.0609331,0.0797752,0.653902,0.302206,0.585134,0.931249,0.648674,1,0.838977,0.103917,0.521205,0.603802,0.18521,0.330072,677799,862510,605604,416450,317136,819193,129787,555731,391881,402907,313916,147562,19835,970756,515383,630554,833770,762396,19835,79399.9,839696,147973,803557,337840,630362,546770,171832,365051,866655,527831,692853,810515,348257,562478,511798,165585,401070,794004,19835,375261
0.53641,0.928424,0.569649,0.751726,0.79872,0.887402,0.455087,0.116988,0.953779,0.45498,0.800687,0.611993,0.838273,0.904242,0.778761,0.435391,0.873512,0.758212,0.0893802,0.0475908,677799,862510,617180,382397,330763,810244,129787,555731,391881,402907,321576,162581,765556,511413,686421,653091,811035,692039,90686,371815,873820,167085,793449,314940,597441,608858,180093,323817,866655,527831,556650,386876,341944,553960,511798,165585,479238,506795,485830,145695
0.634854,0.925402,0.555345,0.857356,0.888058,0.82317,0.422335,0.162772,0.682328,0.383302,0.717666,0.844761,0.943103,0.780809,0.891391,0.30694,0.819157,0.720938,0.05225,0.155755,677799,862510,605604,416450,330763,810244,129787,555731,391881,402907,313916,147562,961951,491596,226485,937486,811035,692039,961951,906117,873820,167085,793449,314940,613813,575832,180093,323817,866655,527831,961951,316257,348257,562478,511798,165585,133478,829589,790866,51121
1,0.763677,0.585499,0.625481,1,0.627201,0.0609331,0.0903857,0.653902,0.389551,0.585134,0.779511,0.556604,0.925106,0.82087,0.165687,0.532332,0.64526,0.196632,0.340077,677799,862510,605604,416450,317136,819193,129787,555731,391881,402907,313916,147562,262754,970756,614455,658713,833770,762396,19835,181627,839696,147973,803557,337840,630362,546770,171832,365051,866655,527831,692853,810515,348257,562478,511798,165585,633599,698578,19835,382288
0.532523,0.893659,0.566045,0.807852,0.681715,0.981077,0.464194,0.0588367,0.851634,0.409182,0.689225,0.541293,0.848794,0.848331,0.702177,0.435391,0.946204,0.758212,0.156784,0.157966,677799,862510,617180,382397,330763,810244,129787,555731,391881,402907,321576,162581,961951,822671,829079,645956,811035,692039,340490,405180,873820,167085,793449,314940,597441,608858,180093,323817,866655,527831,454087,334057,341944,553960,511798,165585,414031,720310,718824,259609
0.56973,1,0.502248,0.765379,0.893556,0.730323,0.395079,0.211896,0.626501,0.291822,0.536057,0.892142,0.851455,0.864197,0.816877,0.43165,0.851953,0.749662,0.0929513,0.177559,677799,862510,605604,416450,330763,810244,129787,555731,391881,402907,313916,147562,826959,726311,35525,613996,811035,692039,698878,970756,873820,167085,793449,314940,613813,575832,180093,323817,854101,544602,961951,51121,348257,562478,511798,165585,19835,730458,548423,100679
1,0.885168,0.834919,0.625481,0.907114,0.648574,0.228811,0.0090128,0.653902,0.321896,0.585134,0.808876,0.566083,0.899781,0.635451,0.237965,0.532225,0.692116,0.214692,0.251308,677799,862510,605604,416450,317136,819193,129787,555731,391881,402907,313916,147562,104948,970756,961951,558750,833770,762396,19835,181627,839696,147973,803557,337840,610915,599745,171832,365051,866655,527831,629072,970756,348257,562478,511798,165585,610050,173890,19835,382288
0.601556,0.735687,0.504233,0.685383,0.66985,0.971327,0.464194,0.0975996,0.9322,0.339068,0.733531,0.598678,0.709379,0.805748,0.666501,0.481252,0.942415,0.827887,0.11762,0.0409981,677799,862510,617180,382397,330763,810244,129787,555731,391881,402907,321576,162581,751238,970756,681186,632664,820834,765489,123901,421173,873820,167085,793449,314940,597441,608858,180093,323817,866655,527831,633058,237630,341944,553960,511798,165585,321973,682946,767189,77640.6
0.576965,1,0.554664,0.843423,0.891941,0.848249,0.300856,0.20957,0.743925,0.291822,0.50534,0.892142,0.861136,0.946345,1,0.43165,0.863964,0.749662,0.0485996,0.0288557,677799,862510,605604,416450,330763,810244,129787,555731,391881,402907,313916,147562,871836,213744,19835,640935,811035,692039,961951,970756,873820,167085,793449,314940,613813,575832,180093,323817,854101,544602,961951,51121,348257,562478,511798,165585,19835,730458,654182,51121
0.972601,0.790196,0.793726,0.721841,0.989547,0.630438,0.147025,0,0.653902,0.271715,0.658605,0.725127,0.551024,0.988704,0.669903,0.217303,0.628914,0.685994,0.127236,0.25178,677799,862510,605604,416450,317136,819193,129787,555731,391881,402907,313916,147562,19835,877853,574475,749081,833770,762396,19835,181627,839696,147973,803557,337840,610915,599745,171832,365051,866655,527831,629072,970756,348257,562478,514293,174253,421015,115608,83631.3,488301
0.707516,0.950511,0.648972,1,0.9021,0.876534,0.304002,0.225634,0.792056,0.17703,0.575806,0.773295,0.694047,0.946345,0.81806,0.48649,0.983769,0.732338,0,0,677799,862510,605604,416450,330763,810244,129787,555731,391881,402907,313916,147562,853386,194958,19835,617568,811035,692039,961951,909074,851732,172146,793449,314940,613813,575832,180093,323817,854101,544602,961951,244830,348257,562478,511798,165585,19835,725106,449131,363905
0.943415,0.790196,0.771202,0.721841,1,0.630438,0.147025,0,0.653902,0.321896,0.658605,0.82242,0.551024,0.988704,0.669903,0.186962,0.695474,0.685994,0.0366459,0.25178,677799,862510,605604,416450,317136,819193,129787,555731,391881,402907,313916,147562,19835,607300,805667,539078,833770,762396,19835,181627,839696,147973,803557,337840,610915,599745,171832,365051,866655,527831,629072,970756,348257,562478,514293,174253,421015,115608,83631.3,488301
0.895256,0.848343,0.798677,0.721841,0.898893,0.593443,0.157475,0.0202582,0.5586,0.331892,0.746759,0.597872,0.524317,1,0.716068,0.161429,0.695616,0.695831,0.127236,0.25178,677799,862510,605604,416450,317136,819193,129787,555731,391881,402907,313916,147562,19835,706327,961951,325944,833770,762396,136020,51121,839696,147973,803557,337840,610915,599745,171832,365051,866655,527831,703523,722287,348257,562478,514293,174253,592649,202501,19835,652950
0.777466,0.950511,0.589114,1,0.816052,0.968591,0.25146,0.370997,0.815958,0.120752,0.575806,0.698986,0.673056,0.845791,0.722392,0.43372,1,0.656769,0,0,677799,862510,605604,416450,330763,810244,129787,555731,391881,402907,313916,147562,853386,194958,19835,827617,811035,692039,686485,903350,851732,172146,793449,314940,613813,575832,180093,323817,854101,544602,933224,390407,348257,562478,511798,165585,49152,450921,299566,375794
0.957872,0.734381,0.799055,0.598925,0.961357,0.688286,0.147025,0,0.577301,0.239388,0.648064,0.756023,0.602782,0.841963,0.687099,0.16493,0.642883,0.675448,0.149326,0.0922835,677799,862510,605604,416450,317136,819193,129787,555731,391881,402907,313916,147562,19835,669486,679200,464249,826346,734505,19835,181627,839696,147973,803557,337840,610915,599745,171832,365051,866655,527831,459368,727439,348257,562478,514293,174253,660919,287629,19835,500737
0.813115,0.848343,0.853838,0.690646,0.710722,0.599501,0.129852,0.0202582,0.653902,0.253941,0.721839,0.628648,0.532038,1,0.761794,0.126986,0.579078,0.761388,0.231731,0.123051,677799,862510,605604,416450,317136,819193,137667,564286,391881,402907,313916,147562,19835,970756,890893,360646,833770,762396,160562,195906,839696,147973,803557,337840,610915,599745,171832,365051,866655,527831,844735,887887,348257,562478,514293,174253,961951,141126,158562,456602
0.821159,1,0.557653,0.997441,0.848573,1,0.242407,0.217295,0.89867,0.0539029,0.663911,0.589871,0.638242,0.990146,0.746029,0.48026,0.97055,0.695499,0,0.164427,677799,862510,613392,404034,330763,810244,129787,555731,391881,402907,313916,147562,961951,309021,134108,144028,811035,692039,581728,701553,851732,172146,793449,314940,613813,575832,180093,323817,854101,544602,903710,532383,348257,562478,511798,165585,121302,228037,299566,375794
1,0.793689,0.855584,0.503672,0.897919,0.62682,0.314488,0.0192546,0.577301,0.375032,0.61796,0.763331,0.586655,0.902299,0.87891,0.129978,0.690271,0.598204,0.148419,0.0401225,677799,862510,605604,416450,317136,819193,129787,555731,391881,402907,328590,151840,19835,669486,843507,350830,826346,734505,260089,196620,839696,147973,803557,337840,610915,599745,171832,365051,866655,527831,707564,330504,348257,562478,514293,174253,728148,343322,409350,603000
0.845117,0.748072,1,0.644384,0.750522,0.791892,0.100524,0,0.560603,0.289383,0.625143,0.71906,0.683388,0.885606,0.761794,0.0759873,0.51215,0.740743,0.119247,0.000632238,677799,862510,605604,416450,317136,819193,137667,564286,391881,402907,313916,147562,388974,367928,437991,668892,833770,762396,160562,195906,839696,147973,803557,337840,610915,599745,171832,365051,866655,527831,827734,257566,348257,562478,514293,174253,426788,100260,166485,188763
0.794581,0.964483,0.502196,0.93364,0.694905,1,0.332665,0.255129,0.612356,0,0.578279,0.675225,0.595507,1,0.759805,0.390693,0.9954,0.735636,0.134073,0.276292,677799,862510,613392,404034,330763,810244,129787,555731,391881,402907,313916,147562,961951,270426,93671.9,51121,811035,692039,660085,658780,851732,172146,793449,314940,613813,575832,180093,323817,854101,544602,802170,104282,348257,562478,511798,165585,19835,377851,108855,284433
1,0.779801,0.914554,0.503672,0.937595,0.5627,0.436388,0.0290374,0.549183,0.274307,0.61796,0.736508,0.539751,0.790134,0.95908,0.0680201,0.633908,0.598204,0.278683,0.0343955,677799,862510,605604,416450,317136,819193,129787,555731,391881,402907,328590,151840,19835,872093,694765,755294,826346,734505,502771,144867,839696,147973,803557,337840,610915,599745,171832,365051,866655,527831,536047,165327,348257,562478,514293,174253,446070,204359,409350,603000
0.853016,0.701507,0.864675,0.661777,0.762538,0.791892,0.318284,0.0110239,0.677342,0.206886,0.572669,0.783186,0.711293,0.834902,0.761794,0.114423,0.51215,0.801176,0.0258991,0.0433564,677799,862510,623561,380595,317136,819193,137667,564286,391881,402907,313916,147562,430114,381054,743065,917577,833770,762396,160562,195906,839696,147973,803557,337840,610915,599745,171832,365051,866655,527831,827734,257566,348257,562478,514293,174253,526536,51121,166485,188763
0.852637,1,0.502196,0.996415,0.731127,1,0.372433,0.401663,0.7913,0.0651491,0.635035,0.678559,0.743447,0.878445,0.848683,0.328373,1,0.780529,0.114149,0.205867,677799,862510,613392,404034,330763,810244,129787,555731,391881,402907,313916,147562,810974,55212.5,93671.9,51121,811035,692039,755219,767468,851732,172146,793449,314940,613813,575832,149972,351908,854101,544602,961951,51121,348257,562478,511798,165585,63803,411949,19835,777647
0.903901,0.825881,1,0.561899,0.998587,0.568191,0.488732,0.0290374,0.561001,0.227263,0.713282,0.675771,0.554745,0.905035,0.972295,0,0.595716,0.598204,0.265729,0.172467,677799,862510,605604,416450,317136,819193,129787,555731,391881,402907,328590,151840,19835,872093,738830,852632,826346,734505,271898,308419,839696,147973,803557,337840,610915,599745,171832,365051,866655,527831,764680,666773,348257,562478,514293,174253,292122,308035,236371,221903
