0.5,0.5,0.965091,0.804127,0.566763,0.690419,0.485271,0.474323,0.13642,0.223637,0.418796,0.211348,0.804125,0.873474,0.134108,0.813933,0.904953,0.0181474,0.106974,0.314466,65379,361061,883017,473927,795200,792943,529515,596430,373618,199924,898957,429744,71821.4,419134,316160,321426,237724,154270,663399,627603,841994,460357,537065,376641,247232,813835,796651,200845,162832,196667,252176,654115,396392,353371,449030,845742,286921,231821,656786,743046
0.521855,0.628239,0.913431,0.672796,0.614055,0.690666,0.485271,0.490114,0.0404171,0.358539,0.353873,0.158455,0.785039,0.878348,0.306583,0.838299,1,0.0181474,0.177697,0.208121,65379,361061,707799,413793,795200,792943,529515,596430,373618,199924,876481,521827,19835,467929,206944,792666,569949,130649,364239,292592,619196,57889.3,733383,444128,299553,801868,796651,200845,173986,390985,225990,569924,396392,353371,692969,835695,186797,307916,797122,970756
0.610871,0.671695,0.949343,0.741327,0.712952,0.656329,0.485271,0.404746,0,0.284705,0.439507,0.131646,0.654309,0.943693,0.339611,0.912493,0.90833,0.0852858,0.224866,0.199261,186022,301693,638704,316657,795200,792943,529515,596430,373618,199924,876481,521827,19835,637109,264126,660770,611144,51121,147192,51121,148337,214112,961951,912240,299553,801868,796651,200845,63596.2,669552,225990,569924,396392,353371,440723,757374,214583,433085,842715,970756
0.627641,0.681526,0.937598,0.741327,0.656137,0.543537,0.463512,0.353925,0,0.321999,0.490397,0.0216532,0.727609,0.877788,0.103581,0.923878,0.796579,0.0592957,0.211603,0.365839,186022,301693,615731,480424,721913,810055,628959,631167,373618,199924,876481,521827,173082,51121,537132,534397,295443,437484,580643,51121,344013,138642,630873,714165,299553,801868,853983,199567,592561,970756,225990,569924,395995,439817,631364,970756,63466.5,500259,961951,945985
0.698328,0.883259,1,0.808421,0.656137,0.702594,0.463512,0.410846,0.0574038,0.439097,0.45039,0.109156,0.610352,0.877788,0.224841,1,0.895059,0.176238,0.294234,0.312643,153337,361644,615731,480424,721913,810055,425309,453618,373618,199924,876481,521827,620228,186111,773364,157766,804682,589095,488609,59925.9,19835,338339,961951,839855,284219,842684,853983,199567,248724,717039,159265,539884,464879,224537,718835,970756,216821,579170,961951,804034
0.573822,0.91963,0.945706,0.737508,0.583176,0.679856,0.470086,0.311765,0.00201027,0.459146,0.415356,0.0859843,0.704386,0.992756,0.0535079,1,0.843076,0.132999,0.278098,0.389744,153337,361644,615731,480424,721913,810055,425309,453618,260438,157665,876481,521827,801734,223396,773364,157766,129481,229783,346239,210209,19835,51121,961951,911042,297771,779328,853983,199567,509648,970756,159265,539884,466168,211905,961951,803910,19835,828568,961951,912830
0.543341,0.911856,1,0.810437,0.76129,0.757903,0.486509,0.364313,0,0.477596,0.483541,0,0.727477,0.958406,0.226391,0.957331,0.913766,0.228734,0.278098,0.159912,153337,361644,615731,480424,721913,810055,425309,453618,260438,157665,876481,521827,890732,462109,247705,51121,39780.7,51121,492056,294750,19835,395489,961951,970756,297771,779328,853983,199567,961951,476071,159265,539884,490602,174149,961951,970756,313829,638891,912868,949096
0.757404,1,1,0.963878,0.642507,0.757903,0.416192,0.259737,0,0.457391,0.40002,0.0481556,0.760288,0.989986,0.201314,1,0.9259,0.148938,0.18971,0.289394,153337,361644,615731,480424,721913,810055,425309,453618,260438,157665,876481,521827,961951,674789,19835,294693,324337,298241,961951,51121,70529.4,289754,374481,242635,323275,778063,853983,199567,961951,603313,159265,539884,490602,174149,744502,659923,19835,931762,108800,950464
0.871957,0.983523,0.983516,0.969226,0.618187,0.717401,0.256125,0.405475,0.131661,0.45084,0.40002,0.130203,0.743625,0.915674,0.167442,1,0.966707,0.166021,0.20214,0.282231,153337,361644,615731,480424,721913,810055,395458,490203,260438,157665,876481,521827,573044,451393,19835,494549,373724,159520,796845,51121,216701,252513,374481,242635,323275,778063,845239,225908,961951,400681,159265,539884,529030,186543,819225,101228,235886,720344,111467,918702
0.996052,0.924682,0.93339,0.92958,0.580046,0.705797,0.268946,0.363975,0.0534033,0.410763,0.365261,0.0165391,0.831244,0.908012,0.205979,1,0.853687,0.303479,0.189621,0.196365,153337,361644,615731,480424,721913,810055,395458,490203,260438,157665,854410,518943,781416,440929,280544,448004,184804,142660,877719,51121,35195.3,153545,160848,134345,323275,778063,845239,225908,851348,592374,159265,539884,486011,189189,670752,51121,253362,761946,140790,970756
0.933979,0.929156,0.925427,0.90147,0.621561,0.705797,0.257162,0.404474,0.168625,0.405382,0.331234,0,0.850441,0.948153,0.273746,0.960369,0.849022,0.303479,0.0405761,0.171997,153337,361644,615731,480424,721913,810055,395458,490203,295480,189967,822577,580228,961951,305305,465522,628274,192045,51121,775940,51121,184827,383839,19835,272429,323275,778063,845239,225908,177240,970756,159265,539884,486011,189189,533732,51121,167746,578508,177938,656802
0.955775,0.81067,0.946024,0.81824,0.589304,0.68083,0.393484,0.450046,0.20332,0.405382,0.334387,0.263831,0.865246,0.959949,0.157555,0.970099,0.797104,0.253914,0.0784035,0.113795,153337,361644,615731,480424,721913,810055,395458,490203,295480,189967,822577,580228,615015,319793,469653,196705,19835,275603,919654,359967,386959,388423,216434,287000,323275,778063,845239,225908,404800,970756,159265,539884,486011,189189,79088,319547,339416,51121,124390,970756
1,0.860094,0.90608,0.784126,0.50454,0.848754,0.382899,0.468624,0.35202,0.405382,0.33794,0.202898,0.809128,0.952555,0.0730779,0.991811,1,0.37248,0.0838119,0.245684,153337,361644,615731,480424,721913,810055,395458,490203,295480,189967,822577,580228,636161,51121,835224,301788,371746,277115,961951,733783,166302,387145,19835,250433,323275,778063,824398,221334,268617,827250,140805,580805,486011,189189,371017,962691,403622,258164,368705,582128
1,0.865281,0.792701,0.774447,0.558736,0.710158,0.436398,0.450777,0.270159,0.332193,0.383879,0.126541,0.754193,1,0.0979922,1,0.925059,0.40271,0.205828,0.245153,153337,361644,615731,480424,721913,810055,395458,490203,295480,189967,822577,580228,636161,51121,896314,339401,371746,277115,681882,692699,271135,308317,297064,418135,323275,778063,840638,238567,53091.9,779904,140805,580805,486011,189189,875348,908352,258430,490119,605119,898108
0.973323,0.907654,0.605836,0.868656,0.654832,0.85898,0.108017,0.386388,0.346524,0.362258,0.336978,0.0258204,0.754193,0.931084,0.210601,0.948409,0.989479,0.497372,0.365959,0.114061,153337,361644,615731,480424,721913,810055,395458,490203,310832,146519,822577,580228,636161,51121,622523,87718.7,297608,122544,274948,970756,52791.8,194335,19835,386854,323275,778063,840638,238567,147776,622736,140805,580805,486011,189189,684509,970756,473833,461920,857403,690158
0.902138,0.9181,0.659569,0.993184,0.654027,0.798148,0.397742,0.23428,0.395916,0.436246,0.375472,0.108404,0.698107,1,0.150405,1,0.963264,0.367136,0.379705,0.309859,153337,361644,615731,480424,721913,810055,395458,490203,310832,146519,822577,580228,597959,51121,961951,412567,179048,509159,19835,970756,227821,648429,286227,671684,323275,778063,840638,238567,19835,899025,140805,580805,486011,189189,341112,832337,488870,970756,961951,447253
0.791618,0.944513,0.71365,1,0.773085,0.6737,0.407028,0.23428,0.315151,0.247551,0.45403,0,0.626205,1,0.150405,0.969359,0.967335,0.29234,0.419136,0.284825,153337,361644,615731,480424,721913,810055,395458,490203,330063,160474,822577,580228,616786,384188,710637,362974,57159,455337,90712.3,970756,19835,51121,231411,689698,323275,778063,840638,238567,19835,899025,124332,567299,486011,189189,746511,970756,256485,970756,956550,346044
0.841329,0.963281,0.645248,0.946741,0.656766,0.768721,0.465528,0.31114,0.303521,0.245403,0.269841,0,0.666949,0.948552,0.171051,0.980594,0.843056,0.374608,0.499049,0.284825,153337,361644,604361,455237,721913,810055,395458,490203,330063,160474,822577,580228,521680,495832,855729,123584,707324,402384,805020,706516,831493,733315,661879,369016,330219,834749,840638,238567,110590,51121,132976,552189,486011,189189,511200,970756,390118,853594,961951,60483.7
0.836892,0.94775,0.652013,0.974431,0.668493,0.757251,0.44798,0.198173,0.303521,0.310416,0.186329,0.0930006,0.560311,0.914649,0.162081,1,1,0.407349,0.481303,0.27081,158627,342654,604361,455237,721913,810055,395458,490203,330063,160474,822577,580228,290976,618991,961951,51121,463478,635591,805020,706516,757827,622686,798715,389657,330219,834749,840638,238567,411560,51121,132976,552189,486011,189189,574323,850412,320811,411394,915671,312435
0.816415,0.849415,0.714128,1,0.515634,0.730048,0.4619,0.209796,0.208653,0.350414,0.277881,0.115632,0.614728,0.916378,0.382868,0.942867,0.914574,0.415631,0.401004,0.333252,158627,342654,604361,455237,721913,810055,395458,490203,330063,160474,822577,580228,19835,349980,926969,384418,686329,920677,666429,335243,672482,155110,682789,434510,330219,834749,840638,238567,392039,51121,132976,552189,486011,189189,495204,811159,137422,420199,704807,204532
0.817805,0.91496,0.516928,0.959441,0.539911,0.776514,0.448992,0.240979,0.214595,0.253687,0.163114,0.0424046,0.505552,0.977832,0.442264,1,0.762718,0.621305,0.401004,0.333252,158627,342654,609108,486710,721913,810055,384324,484938,330063,160474,822577,580228,27975.2,229437,961951,51121,445559,792257,480484,623710,530091,195446,961951,444566,330219,834749,840638,238567,864209,260241,132976,552189,486011,189189,846167,775464,350160,256143,961951,310929
0.806206,0.964207,0.684692,0.935482,0.685773,0.662834,0.428126,0.111175,0.391351,0.36644,0.0857397,0.119275,0.605353,1,0.360493,1,0.761987,0.598522,0.313155,0.35353,158627,342654,609108,486710,615488,878997,384324,484938,330063,160474,864350,539362,238326,51121,961951,51121,42602.2,729557,219487,791954,19835,449745,961951,481107,330219,834749,840638,238567,711213,138351,132976,552189,486011,189189,846167,775464,527986,575849,961951,521165
0.789148,0.970562,0.684692,0.923374,0.63176,0.506937,0.386031,0.209068,0.293531,0.474116,0.0857397,0.106249,0.605353,1,0.331614,1,0.749312,0.541239,0.234458,0.35353,158627,342654,609108,486710,650578,868451,384324,484938,330063,160474,864350,539362,251036,162314,961951,230513,19835,901133,219487,791954,19835,56564.8,961951,481107,330219,834749,840638,238567,592301,395398,132976,552189,486011,189189,846167,775464,300341,548601,961951,506343
0.802061,1,0.67798,0.955835,0.603768,0.506937,0.316653,0.266242,0.226635,0.34756,0.109753,0.0901692,0.631807,0.778538,0.39056,1,0.645182,0.541239,0.190157,0.282148,158627,342654,609108,486710,650578,868451,384324,484938,330063,160474,864350,539362,19835,51121,961951,263039,193105,970756,420400,970756,301153,609097,961951,481107,330219,834749,840638,238567,335256,642022,132976,552189,486011,189189,846167,775464,546654,220909,961951,506343
0.810129,0.917043,0.823431,1,0.736091,0.506937,0.378269,0.246796,0.0948242,0.330043,0.0406043,0.152165,0.731332,0.959278,0.39056,0.910275,0.621736,0.531807,0.278798,0.410713,158627,342654,609108,486710,650578,868451,384324,484938,330063,160474,864350,539362,307948,472090,564341,157874,422083,691966,663890,787649,546234,52382.9,906075,459305,330219,834749,840638,238567,728756,970756,132976,552189,486011,189189,847516,709662,616982,621417,858334,532038
0.673702,0.722316,0.825517,0.901839,0.522233,0.570773,0.3364,0.371335,0.114459,0.298925,0,0.0858331,0.755023,0.894606,0.44776,0.848035,0.678132,0.505231,0,0.406855,158627,342654,609108,486710,650578,868451,384324,484938,330063,160474,864350,539362,177255,869456,29969,412794,760262,720614,396403,733256,470680,590280,925482,509283,330219,834749,840638,238567,506394,899027,132976,552189,486011,189189,847516,709662,225811,768495,961951,522736
0.667949,0.631727,0.747179,0.98748,0.691293,0.653063,0.345524,0.335328,0.129729,0.246799,0,0,0.914149,0.818775,0.443848,0.828329,0.692489,0.582101,0.0311501,0.238385,158627,342654,609108,486710,650578,868451,384324,484938,330063,160474,864350,539362,206474,755376,19835,415373,292734,779948,419296,759751,311926,615472,693534,471448,330219,834749,840638,238567,617324,794631,132976,552189,486011,189189,847516,709662,452534,785191,941632,51121
0.763249,0.571356,0.629458,0.97623,0.736385,0.544145,0.453266,0.136869,0.123464,0.318593,0,0.0860457,0.90984,0.809602,0.287444,0.906492,0.783047,0.584685,0.170121,0.364462,158627,342654,609108,486710,650578,868451,384324,484938,330063,160474,864350,539362,19835,831785,193433,970756,330560,176947,513908,647011,250824,274299,771675,250059,330219,834749,840638,238567,651810,970756,132976,552189,486011,189189,847516,709662,667475,331801,904825,51121
0.545198,0.541576,0.532178,0.895889,0.736385,0.53106,0.428889,0.378614,0.112642,0.10696,0.0696041,0.174205,0.957314,0.758633,0.243425,0.909339,0.752515,0.594925,0.182138,0.391722,158627,342654,609108,486710,650578,868451,384324,484938,330063,160474,864350,539362,191847,970756,19835,970756,207174,531349,560080,564580,267929,51121,718619,277740,330219,834749,840638,238567,557562,684652,132976,552189,486011,189189,847516,709662,667475,331801,961951,102098
0.75974,0.674864,0.722525,0.771502,0.849633,0.520352,0.392483,0.448802,0.112642,0.154333,0,0.327616,1,0.611709,0.243425,0.966554,0.840425,0.684891,0.208211,0.252385,158627,342654,609108,486710,650578,868451,384324,484938,330063,160474,864350,539362,58122.4,695340,295451,368884,316912,746117,506998,747065,249405,312292,593780,525566,330219,834749,840638,238567,355042,893689,132976,552189,486011,189189,847516,709662,524527,309662,961951,450931
0.841887,0.614204,0.821088,0.698141,0.544312,0.512558,0.316574,0.340799,0.0365791,0,0.0530021,0.481873,1,0.684266,0.274806,1,0.809163,0.507798,0.204465,0.284333,158627,342654,609108,486710,650578,868451,384324,484938,330063,160474,864350,539362,299081,702430,546850,513498,168054,862181,751531,900537,640126,489229,211473,481175,330219,834749,840638,238567,242394,970756,132976,552189,486011,189189,847516,709662,834925,128579,484840,441704
0.841887,0.570727,0.812555,0.735801,0.613829,0.602713,0.316574,0.346641,0.126494,0.231542,0.0617069,0.481873,1,0.665931,0.274806,0.933195,0.853182,0.617191,0.281904,0.16382,158627,342654,609108,486710,650578,868451,384324,484938,330063,160474,864350,539362,445208,560175,274232,606399,93280.6,926464,517031,761780,458497,943349,211473,481175,330219,834749,840638,238567,19835,851595,132976,552189,486011,189189,847516,709662,724038,344948,375245,373066
0.978901,0.941217,0.893729,0.537577,0.721263,0.613511,0.0422428,0.399333,0,0.177179,0.164342,0.479919,0.93253,0.568243,0.304982,0.972648,0.758998,0.557599,0.273556,0.0550854,158627,342654,609108,486710,650578,868451,384324,484938,330063,160474,864350,539362,56807.6,201998,174287,710943,76224.1,885765,909902,970756,247591,496085,489080,525801,330219,834749,840638,238567,19835,748887,132976,552189,486011,189189,847516,709662,30153.8,51121,19835,308163
0.983309,0.821227,0.977226,0.537577,0.671216,0.56355,0.0464301,0.399333,0.0605897,0.183768,0.113647,0.479919,1,0.568243,0.236346,0.878623,0.837585,0.626924,0.287915,0.207523,158627,342654,609108,486710,650578,868451,381173,484895,330063,160474,864350,539362,19835,51121,19835,334273,19835,944418,713200,804121,46194,222304,474634,547947,330219,834749,840638,238567,19835,748887,132976,552189,486011,189189,797566,709035,234737,51121,233232,424421
0.909429,1,0.845305,0.64551,0.75887,0.568283,0.0629087,0.341448,0.0682395,0.2791,0.392165,0.482414,0.991692,0.514283,0.218551,0.910166,0.787204,0.602189,0.287915,0.207523,158627,342654,609108,486710,650578,868451,381173,484895,330063,160474,864350,539362,19835,51121,19835,567685,92291.3,946335,478458,777092,269305,500187,481323,405811,330219,834749,840638,238567,19835,748887,132976,552189,510067,171027,797566,709035,514931,51121,257386,233693
0.951213,0.925097,0.99756,0.63231,0.836076,0.527901,0.0629087,0.369937,0.125047,0.0239333,0.284059,0.322017,0.913537,0.514283,0.19297,1,0.763663,0.698119,0.287915,0.218161,158627,342654,609108,486710,650578,868451,381173,484895,330063,160474,864350,539362,386249,515241,19835,432377,19835,970756,609550,707100,309914,530206,19835,858659,330219,834749,840638,238567,307342,759139,132976,552189,510067,171027,797566,709035,809783,970756,368679,435302
1,0.985979,1,0.730392,0.862372,0.597186,0.140419,0.393719,0.142268,0.108468,0.186511,0.326019,0.931586,0.510433,0.161732,0.861438,0.847455,0.658213,0.105578,0.394728,158627,342654,609108,486710,650578,868451,381173,484895,330063,160474,864350,539362,562721,474551,233598,358649,44117.6,970756,479272,939921,581745,700717,485560,720802,330219,834749,840638,238567,19835,970756,132976,552189,510067,171027,797566,709035,961951,890258,19835,51121
1,0.789976,1,0.679374,0.61654,0.572991,0.104859,0.338718,0,0.0821443,0.186511,0.265812,0.784818,0.5592,0.0938519,0.990445,0.866771,0.699882,0.185783,0.417179,158627,342654,609108,486710,650578,868451,381173,484895,330063,160474,864350,539362,224585,783030,162300,51121,113977,712862,433329,970756,118164,970756,455493,391029,330219,834749,840638,238567,19835,660602,132976,552189,510067,171027,853675,729888,716846,762909,97528.6,677221
0.959384,0.853911,0.8235,0.592733,0.696594,0.512758,0.0182075,0.281869,0.0770631,0.00614218,0.250226,0.265812,0.919684,0.547358,0.140091,0.903255,0.866771,0.80927,0.106805,0.430728,158627,342654,609108,486710,650578,868451,381173,484895,330063,160474,864350,539362,224585,783030,109509,238269,521104,970756,565286,547156,445246,966906,515364,349725,330219,834749,840638,238567,370042,942381,132976,552189,510067,171027,853675,729888,716846,762909,67934.5,93080.6
1,0.921096,0.903793,0.510231,0.781669,0.538818,0.0920763,0.402674,0.0272217,0.175188,0.261294,0.136372,0.947821,0.607737,0.180902,0.884302,0.837241,0.784189,0.0674771,0.430728,158627,342654,609108,486710,650578,868451,381173,484895,330063,160474,864350,539362,275483,894110,351921,693891,567368,970756,653136,388293,952752,970756,519266,390433,330219,834749,840638,238567,282591,785296,142812,562166,510067,171027,853675,729888,911822,970756,19835,444553
1,0.76253,0.92174,0.510231,0.89953,0.692312,0.0289652,0.45512,0.0958992,0.162974,0.311808,0.136372,0.956208,0.53323,0.180902,0.684813,0.724255,0.581827,0.0288431,0.492502,158627,342654,609108,486710,650578,868451,381173,484895,330063,160474,864350,539362,379473,866920,723690,799653,586593,916932,961951,888630,705094,728581,901780,588380,330219,834749,840638,238567,224256,761664,142812,562166,510067,171027,853675,729888,618691,869399,19835,722221
1,0.751163,0.894706,0.520668,0.900629,0.800606,0.120256,0.403519,0.0832968,0.115395,0.215351,0.241747,0.966879,0.53323,0.23587,0.730058,0.724255,0.673138,0.0671088,0.409875,158627,342654,609108,486710,671706,844949,381173,484895,330063,160474,864350,539362,249321,970756,186916,772829,354784,718017,961951,857224,804842,683276,732774,617985,330219,834749,840638,238567,225293,925422,142812,562166,510067,171027,853675,729888,48818.1,911815,19835,722221
1,0.703556,0.83899,0.595843,0.908199,0.816246,0.114104,0.41061,0.107267,0.18858,0.150674,0.208842,1,0.607278,0.23533,0.730058,0.5288,0.576387,0.0671088,0.409875,158627,342654,609108,486710,671706,844949,381173,484895,330063,160474,864350,539362,78505,719722,154895,549436,266155,746916,753803,797370,820504,753258,925551,372215,340171,810309,840638,238567,30078,523444,142812,562166,510067,171027,853675,729888,19835,970756,200457,491202
1,0.649569,0.685746,0.63399,1,0.868864,0.224619,0.335217,0.176034,0.220028,0.144163,0.19178,0.868358,0.594962,0.211967,0.717345,0.606288,0.843357,0.0310776,0.270567,158627,342654,609108,486710,671706,844949,381173,484895,330063,160474,864350,539362,190010,674492,398234,568715,245622,767443,708976,699562,569896,959007,961951,265612,340171,810309,840638,238567,30078,523444,142812,562166,510067,171027,853675,729888,162570,970756,322663,514942
1,0.649569,0.758494,0.729952,1,0.737171,0.204992,0.255473,0.136164,0.232643,0.428648,0.177995,0.644406,0.592291,0.211967,0.794428,0.623337,1,0.0310776,0.282624,158627,342654,609108,486710,671706,844949,381173,484895,330063,160474,864350,539362,19835,928047,721589,378229,266155,746916,293227,970756,697858,872417,961951,302089,340171,810309,840638,238567,267627,429204,142812,562166,510067,171027,853675,729888,58913.7,970756,100018,346828
0.850486,0.646514,0.658745,0.545747,0.961585,0.67776,0.222388,0.318948,0.211361,0.395258,0.289411,0.268656,0.742986,0.526139,0.040307,0.723275,0.503293,1,0,0.446739,158627,342654,609108,486710,671706,844949,381173,484895,330063,160474,864350,539362,80988.1,724036,406674,274810,36451,665662,647568,970756,821431,970756,750667,162196,340171,810309,840638,238567,156424,942468,142812,562166,510067,171027,853675,729888,302733,970756,423580,427659
0.806864,0.672831,0.505624,0.635774,0.852436,0.660205,0.197036,0.191621,0.145344,0.3425,0.308888,0.270236,0.85737,0.60501,0.229943,0.699438,0.654703,0.923705,0,0.403973,158627,342654,609108,486710,671706,844949,381173,484895,330063,160474,864350,539362,88904,521280,340217,119030,735019,451342,329409,970756,510055,715264,750667,162196,340171,810309,840638,238567,739895,373134,142812,562166,510067,171027,853675,729888,378449,728927,577022,320645
0.828928,0.595306,0.505968,0.61042,0.95355,0.790357,0.209497,0.0793645,0.177436,0.347413,0.415613,0.349393,0.784191,0.641335,0.272286,0.781689,0.676289,0.891648,0,0.332194,158627,342654,609108,486710,671706,844949,381173,484895,330063,160474,864350,539362,88904,521280,19835,195564,681929,504627,282418,970756,180207,450347,750667,162196,340171,810309,840638,238567,495600,456653,142812,562166,510067,171027,853675,729888,388975,478191,796347,51121
1,0.650089,0.521232,0.583847,0.904552,0.686262,0.436845,0.0555127,0.104323,0.377932,0.476389,0.428879,0.566449,0.564617,0.31099,0.949207,0.727289,0.891226,0.0457106,0.271957,158627,342654,609108,486710,671706,844949,381173,484895,330063,160474,864350,539362,19835,970756,313040,87561.8,850661,188131,83059.4,262702,280609,649071,698379,177649,340171,810309,840638,238567,734619,824084,142812,562166,510067,171027,853675,729888,593930,970756,961951,51121
1,0.596557,0.521232,0.539826,0.993845,0.723396,0.143374,0.198404,0.00582284,0.459047,0.358871,0.403297,0.566449,0.663881,0.365119,0.93975,0.817726,0.791383,0,0.334736,158627,342654,609108,486710,671706,844949,381173,484895,330063,160474,864350,539362,19835,779496,83980,51121,635016,352809,129025,343945,40230.6,428735,692732,325860,340171,810309,823095,241352,508147,914603,142812,562166,510067,171027,853675,729888,952135,970756,961951,866188
0.973088,0.596557,0.556088,0.569419,0.997858,0.786456,0.119393,0.103777,0,0.380077,0.429564,0.379295,0.653553,0.772116,0.237791,0.926057,0.945302,0.71943,0.0169791,0.402473,158627,342654,609108,486710,671706,844949,381173,484895,330063,160474,864350,539362,353763,970756,110022,452762,781119,267166,19835,51121,77535.5,620932,905149,366903,340171,810309,823095,241352,296585,824379,142812,562166,510067,171027,853675,729888,938993,970756,785293,970756
1,0.630051,0.556088,0.681801,0.958644,0.756068,0.111357,0.194911,0,0.422095,0.528785,0.469444,0.619487,0.727252,0.15347,1,1,0.601565,0.0868174,0.402473,158627,342654,609108,486710,671706,844949,381173,484895,330063,160474,864350,539362,19835,843255,19835,97065.3,961951,365066,19835,51121,248920,861204,905149,366903,408655,849910,823095,241352,169751,913051,142812,562166,510067,171027,831028,741092,790124,970756,315742,602207
1,0.692316,0.55086,0.899526,0.874532,0.761635,0.340902,0.172837,0,0.492249,0.521428,0.481582,0.616365,0.91693,0.0994038,0.984554,0.947787,0.71694,0.0400443,0.25155,158627,342654,609108,486710,671706,844949,381173,484895,330063,160474,864350,539362,288542,442286,380935,130582,943890,525139,283666,362583,248920,861204,948749,970756,408655,849910,823095,241352,19835,717085,142812,562166,510067,171027,831028,741092,615517,970756,191727,473806
1,0.729359,0.531645,0.697947,0.76791,0.719083,0.323646,0.172837,0.0264635,0.463217,0.569325,0.469149,0.616365,0.831333,0.19346,1,1,0.832913,0.0601044,0.0878124,158627,342654,609108,486710,671706,844949,381173,484895,330063,160474,864350,539362,60262.9,414596,961951,355688,943890,525139,330694,265479,248920,861204,766141,879305,473812,778445,823095,241352,406616,479365,142812,562166,510067,171027,831028,741092,765926,744837,20312.5,710659
0.976388,0.79139,0.568553,0.661854,0.871227,0.737255,0.428959,0.032252,0.0738863,0.439269,0.569325,0.459475,0.63035,0.808833,0.0366743,1,0.946295,0.666196,0.0820759,0.0555957,158627,342654,609108,486710,671706,844949,381173,484895,330063,160474,864350,539362,19835,639041,961951,303071,621581,662103,187873,51121,248920,861204,835828,970756,473812,778445,823095,241352,223766,347283,142812,562166,510067,171027,831028,741092,898587,970756,278373,575797
1,0.612899,0.500948,0.625579,0.954261,0.652247,0.387564,0,0.123268,0.324204,0.618897,0.396924,0.627319,0.958061,0.00324868,0.907921,0.952289,0.606349,0.228197,0.187136,158627,342654,609108,486710,671706,844949,381173,484895,330063,160474,864350,539362,19835,639041,961951,303071,641061,514381,189120,187173,248920,861204,961951,970756,426223,752829,823095,241352,313797,240462,142812,562166,510067,171027,831028,741092,791010,970756,50718.5,745630
0.989964,0.612899,0.511749,0.655873,0.787577,0.677545,0.450135,0.022046,0.221986,0.324204,0.553138,0.312553,0.653497,1,0.0463067,0.810628,1,0.551724,0.228197,0.212755,158627,342654,609108,486710,671706,844949,381173,484895,330063,160474,864350,539362,19835,585594,701042,357281,654522,620075,254304,579319,248920,861204,961951,970756,426223,752829,823095,241352,184488,51121,142812,562166,510067,171027,831028,741092,774998,958957,523138,952567
1,0.605657,0.534519,0.546584,0.851221,0.655665,0.478725,0,0.185414,0.244723,0.617532,0.329995,0.741626,0.874983,0.0632267,0.747709,0.949142,0.53854,0.228197,0.196328,158627,342654,609108,486710,671706,844949,381173,484895,330063,160474,864350,539362,19835,214055,623242,781280,630171,380872,449761,487112,248920,861204,908215,970756,426223,752829,823095,241352,184488,51121,142812,562166,510067,171027,831028,741092,252545,815134,282089,656592
0.97118,0.636045,0.534519,0.577136,0.851221,0.655665,0.478725,0.0792149,0.127933,0.251582,0.672668,0.366385,0.74512,0.961501,0.00112984,0.678343,0.999009,0.620304,0.244589,0.113895,158627,342654,609108,486710,671706,844949,381173,484895,330063,160474,864350,539362,95248.1,51121,751593,544141,111806,352038,541517,325670,248920,861204,961951,970756,426223,752829,823095,241352,35561.1,240068,142812,562166,510067,171027,831028,741092,19835,483513,407471,600759
0.933602,0.66645,0.538578,0.59222,0.821895,0.541643,0.33885,0.0733845,0.118345,0.204352,0.542304,0.162423,0.788914,0.861144,0.0176407,0.677795,0.945575,0.668521,0.169884,0.144495,158627,342654,609108,486710,671706,844949,381173,484895,330063,160474,864350,539362,19835,242333,855023,970756,19835,845291,547411,672079,248920,861204,961951,900251,426223,752829,823095,241352,95454.3,200394,142812,562166,510067,171027,831028,741092,19835,483513,20000,721121
0.917242,0.579039,0.532766,0.700103,0.821044,0.545172,0.451174,0.161584,0.05406,0.143023,0.589482,0.131432,0.889705,0.79659,0.0176407,0.771687,0.991329,0.568763,0.136249,0.163861,158627,342654,609108,486710,671706,844949,381173,484895,330063,160474,864350,539362,466921,239696,821732,482396,138276,909731,961951,394136,248920,861204,686284,970756,426223,752829,823095,241352,64950.1,251345,142812,562166,510067,171027,831028,741092,228424,543790,266177,828740
0.91497,0.524947,0.65794,0.655475,0.821044,0.570556,0.353192,0,0.120365,0.118303,0.561769,0,0.809935,1,0.0223672,0.676098,1,0.626958,0.164911,0.16253,158627,342654,609108,486710,671706,844949,381173,484895,330063,160474,864350,539362,354382,699260,961951,959950,137266,752790,852018,51121,248920,861204,903308,970756,426223,752829,823095,241352,19835,301056,142812,562166,510067,171027,831028,741092,397284,128142,128967,647756
0.944197,0.515363,0.756229,0.72387,0.821044,0.565927,0.360061,0.0118824,0.0303259,0.337831,0.508708,0.0176948,0.910505,1,0.0817752,0.571293,1,0.675282,0.0656028,0.163628,158627,342654,609108,486710,671706,844949,381173,484895,330063,160474,864350,539362,599615,769988,922149,955663,273223,810780,920802,51121,248920,861204,444654,970756,426223,752829,823095,241352,19835,51121,142812,562166,510067,171027,831028,741092,752410,437590,255614,420998
0.843609,0.607383,0.7935,0.72387,0.888232,0.518327,0.314428,0.0118824,0.165385,0.383149,0.666957,0.0432302,0.88847,1,0.147885,0.62612,1,0.741849,0.0334101,0.143273,158627,342654,609108,486710,671706,844949,381173,484895,330063,160474,864350,539362,656059,669923,961951,774931,774906,801435,849730,144497,248920,861204,19835,970756,426223,752829,823095,241352,152374,547896,142812,562166,510067,171027,831028,741092,803515,645771,457100,122973
0.784953,0.704008,0.637232,0.664936,1,0.711061,0.321175,0,0.326945,0.387814,0.612046,0.0432302,0.910543,0.931452,0.208983,0.794584,1,0.703395,0.133836,0.14089,158627,342654,609108,486710,671706,844949,381173,484895,330063,160474,864350,539362,735021,719124,693527,793495,922576,766240,740409,157925,235192,847223,514328,422432,426223,752829,823095,241352,152374,547896,142812,562166,510067,171027,831028,741092,803515,645771,350993,51121
0.745538,0.700309,0.742404,0.618916,0.848815,0.664608,0.3037,0,0.269134,0.456554,0.632262,0.063211,0.872234,1,0.138834,0.761708,1,0.600689,0.114743,0.262662,158627,342654,609108,486710,657858,871854,381173,484895,330063,160474,864350,539362,740425,486846,961951,798506,664149,559552,607419,216805,235192,847223,666332,471909,426223,752829,823095,241352,59764.5,498574,142812,562166,510067,171027,831028,741092,746827,460469,19835,562334
0.652319,0.548098,0.793406,0.567738,0.875568,0.544681,0.285268,0.023044,0.318884,0.465557,0.566347,0,1,0.994285,0.106614,0.77165,1,0.530862,0.184086,0.265645,158627,342654,609108,486710,657858,871854,381173,484895,330063,160474,864350,539362,677723,218598,801786,957908,712669,487820,961951,318578,235192,847223,523842,512111,398706,769016,823095,241352,526677,934337,142812,562166,510067,171027,831028,741092,961951,514356,342147,134718
0.671529,0.51885,0.792998,0.595641,0.917167,0.56406,0.245461,0,0.157973,0.447212,0.578784,0,0.915326,0.85339,0,0.922677,0.955733,0.628742,0.184086,0.369553,158627,342654,609108,486710,657858,871854,381173,484895,330063,160474,864350,539362,604359,153831,729177,633642,86068.2,189189,939236,51121,235192,847223,303163,761360,398706,769016,823095,241352,267115,970756,142812,562166,510067,171027,831028,741092,961951,970756,19835,414399
0.568318,0.51885,0.806692,0.50705,0.935846,0.610559,0.0708642,0.0166525,0.172542,0.359754,0.534264,0.054732,0.982289,0.753347,0.000800245,1,1,0.579892,0.143048,0.3683,158627,342654,609108,486710,657858,871854,368341,469338,330063,160474,850237,548086,568852,51121,874728,656442,37785.9,136090,717689,156549,235192,847223,69288.4,611332,398706,769016,823095,241352,267115,970756,142812,562166,510067,171027,831028,741092,761351,870656,375421,174547
0.52846,0.51885,0.699725,0.55814,0.951628,0.610559,0.107146,0.0300234,0.262186,0.465694,0.611072,0,0.925534,0.922302,0,0.973283,0.995353,0.543887,0.118554,0.419789,158627,342654,609108,486710,657858,871854,368341,469338,330063,160474,850237,548086,823865,51121,792491,694642,235036,163156,961951,283209,235192,847223,37735.9,873754,398706,769016,823095,241352,234048,970756,142812,562166,510067,171027,831028,741092,961951,904254,375421,174547
0.549099,0.51885,0.61864,0.536694,0.913149,0.610559,0.151023,0.0926209,0.262186,0.436349,0.611072,0,0.909073,0.72319,0.0730256,1,0.866351,0.582259,0.0510846,0.331053,158627,342654,609108,486710,657858,871854,368341,469338,330063,160474,850237,548086,927664,51121,803413,970756,235036,163156,474038,970756,235192,847223,19835,908239,398706,769016,823095,241352,133941,970314,142812,562166,510067,171027,831028,741092,961951,970756,503964,382249
0.648203,0.641485,0.61864,0.551505,1,0.535706,0.201102,0.182238,0.19564,0.470415,0.602218,0.0253415,0.776707,0.81432,0.0255815,0.920683,0.903724,0.648573,0.0140284,0.331053,158627,342654,609108,486710,657858,871854,368341,469338,330063,160474,850237,548086,613502,51121,486416,622594,563131,131037,74007.4,615070,235192,847223,300231,970756,398706,769016,823095,241352,83635.7,970756,142812,562166,510067,171027,831028,741092,961951,835318,328466,51121
0.732176,0.582373,0.615744,0.650398,0.997651,0.535706,0.378736,0.243792,0.101451,0.326593,0.653736,0,0.776707,0.569391,0.0884042,0.980791,0.965317,0.70783,0,0.300329,158627,342654,609108,486710,657858,871854,368341,469338,330063,160474,850237,548086,627594,408241,486416,622594,342332,51121,293286,722448,235192,847223,300231,970756,398706,769016,823095,241352,83635.7,970756,142812,562166,510067,171027,831028,741092,961951,970756,220328,51121
0.656933,0.528387,0.609865,0.717726,0.780215,0.646856,0.429196,0.14164,0.118836,0.371038,0.6126,0.0361314,0.721609,0.537582,0.0808024,0.86624,0.940809,0.60902,0,0.216693,158627,342654,609108,486710,657858,871854,368341,469338,330063,160474,850237,548086,627594,408241,501651,444908,266907,129598,19835,451847,235192,847223,300231,970756,398706,769016,823095,241352,83635.7,970756,142812,562166,510067,171027,831028,741092,907469,555868,19835,99792.9
0.550406,0.753746,0.664695,0.54492,0.846315,0.676435,0.611993,0.165963,0.0535091,0.253341,0.572673,0,0.804861,0.618207,0.132899,0.884204,1,0.697477,0,0.329968,158627,342654,600417,603716,657858,871854,368341,469338,330063,160474,850237,548086,627594,408241,433596,411962,223111,51121,249223,802264,235192,847223,145377,637768,398706,769016,823095,241352,173416,970756,142812,562166,510067,171027,831028,741092,401976,970756,261344,51121
0.539986,0.644893,0.839996,0.62643,0.860252,0.687167,0.680561,0.165963,0.0988015,0.339896,0.613802,0,0.769079,0.766417,0.345128,0.660427,1,0.508348,0.0853903,0.136657,158627,342654,592972,567800,657858,871854,368341,469338,330063,160474,850237,548086,627594,408241,789631,51121,19835,307873,57935.3,889240,235192,847223,245519,364348,398706,769016,823095,241352,19835,970054,142812,562166,510067,171027,831028,741092,401976,970756,618613,51121
0.536092,0.62357,0.885522,0.592088,0.763419,0.597412,0.604236,0.165963,0.0990075,0.338165,0.574414,0.0346316,0.705249,0.804866,0.320088,0.79898,1,0.734531,0.252909,0.22719,158627,342654,592972,567800,657858,871854,368341,469338,330063,160474,850237,548086,627594,408241,528319,182469,34106.4,113767,140319,970756,235192,847223,332459,730525,398706,769016,823095,241352,19835,883613,142812,562166,510067,171027,831028,741092,644743,969152,791401,51121
0.694159,0.663797,0.862941,0.629282,0.860406,0.535897,0.522615,0.145763,0.0158378,0.387116,0.744204,0.0695149,0.705249,0.788243,0.320088,0.76434,0.977964,0.816403,0.226065,0.22719,158627,342654,592972,567800,657858,871854,368341,469338,330063,160474,850237,548086,627594,408241,629572,123210,19835,51121,52685.4,970756,235192,847223,509247,868335,398706,769016,823095,241352,121651,970756,142812,562166,510067,171027,831028,741092,432679,460010,961951,88529.3
0.743634,0.73876,1,0.512984,0.768819,0.561136,0.606989,0.197339,0,0.511717,0.595283,0.0666262,0.63711,0.813829,0.320088,0.76434,0.872152,0.816403,0.121646,0.259065,158627,342654,592972,567800,657858,871854,368341,469338,330063,160474,850237,548086,627594,408241,961951,51121,42903.6,312705,274809,544149,235192,847223,399191,769277,398706,769016,823095,241352,332622,948532,142812,562166,510067,171027,831028,741092,151321,970756,961951,51121
0.776851,0.73876,1,0.552474,0.710181,0.57322,0.547708,0.197339,0,0.593404,0.615698,0,0.572176,0.818517,0.246631,0.679558,0.829276,0.898514,0.146066,0.120264,158627,342654,592972,567800,657858,871854,435501,393265,330063,160474,850237,548086,627594,408241,709719,51121,19835,411059,274809,544149,235192,847223,476711,970756,398706,769016,823095,241352,421374,735194,142812,562166,510067,171027,831028,741092,257884,758785,961951,51121
1,0.713913,1,0.643702,0.859734,0.544261,0.643206,0.220648,0.0236055,0.594756,0.632921,0.0378303,0.535989,0.637408,0.147298,0.588152,0.865,1,0.102386,0.133681,158627,342654,592972,567800,657858,871854,435501,393265,330063,160474,850237,548086,627594,408241,632944,315445,19835,381625,274809,544149,235192,847223,529372,857232,398706,769016,823095,241352,363239,874501,142812,562166,510067,171027,831028,741092,458593,970756,961951,441136
1,0.655944,1,0.621525,0.786312,0.665887,0.620587,0.253779,0.0176764,0.655127,0.75402,0,0.639511,0.624475,0.139244,0.550232,0.858133,0.802027,0.0923921,0.353568,158627,342654,592972,567800,657858,871854,435501,393265,330063,160474,850237,548086,627594,408241,346274,259372,19835,411059,317820,618633,235192,847223,729254,787667,398706,769016,823095,241352,19835,653158,142812,562166,510067,171027,831028,741092,435425,894662,617083,818632
1,0.745184,0.96886,0.550655,0.837333,0.606849,0.686003,0.253779,0.0931455,0.655127,0.715312,0,0.613729,0.75253,0.173512,0.673143,0.833621,0.877766,0.0127521,0.33823,158627,342654,592972,567800,657858,871854,387197,427745,330063,160474,850237,548086,627594,408241,346274,259372,214556,390781,317820,618633,235192,847223,735986,615927,398706,769016,823095,241352,19835,653158,142812,562166,510067,171027,831028,741092,225595,970756,475275,716623
1,0.79892,1,0.53072,0.754297,0.665887,0.695554,0.150465,0.307367,0.702797,0.504752,0.0167656,0.613729,0.694252,0.142066,0.58642,0.975562,0.907326,0.0287681,0.319062,158627,342654,592972,567800,657858,871854,387197,427745,330063,160474,850237,548086,627594,408241,520339,209017,961951,970756,317820,618633,235192,847223,248343,51121,398706,769016,823095,241352,19835,703151,142812,562166,510067,171027,831028,741092,166120,722338,161867,620877
1,0.691728,1,0.502777,0.697206,0.672039,0.74219,0.150465,0.24659,0.544229,0.687303,0.149577,0.655323,0.69885,0.149771,0.517867,0.916253,0.808603,0.078758,0.29076,158627,342654,592972,567800,657858,871854,407326,416790,330063,160474,850237,548086,627594,408241,396012,347067,793723,697213,317820,618633,235192,847223,19835,175305,398706,769016,823095,241352,19835,897044,142812,562166,510067,171027,831028,741092,71899.4,302193,161867,620877
1,0.694833,0.996759,0.573961,0.706259,0.503728,0.765291,0.155746,0.24659,0.519494,0.735168,0.153103,0.655323,0.722244,0.273882,0.574155,0.916253,0.689358,0.126856,0.359765,158627,342654,592972,567800,657858,871854,407326,416790,330063,160474,850237,548086,627594,408241,269146,165564,708168,827994,317820,618633,235192,847223,213251,232735,398706,769016,823095,241352,120050,970756,142812,562166,510067,171027,825411,725023,79410.6,528488,238010,357635
1,0.955636,0.936442,0.691897,0.616285,0.538901,0.722897,0.071917,0.24659,0.564136,0.812464,0.195118,0.609511,0.860657,0.339259,0.582658,0.85589,0.689358,0.104729,0.373911,158627,342654,592972,567800,657858,871854,407326,416790,330063,160474,850237,548086,627594,408241,209637,90690.2,961951,408803,325958,508335,235192,847223,213251,232735,398706,769016,823095,241352,451702,788568,142812,562166,510067,171027,825411,725023,30151,590443,306567,251534
1,0.812029,0.863389,0.539272,0.715708,0.568811,0.751512,0.083358,0.073273,0.564136,0.812464,0.201426,0.776143,0.890517,0.415608,0.654711,0.978007,0.627162,0.195278,0.11822,158627,342654,592972,567800,657858,871854,407326,416790,330063,160474,850237,548086,627594,408241,424110,51121,648529,378752,325958,508335,235192,847223,19835,390933,399172,784424,823095,241352,32209.2,737248,142812,562166,510067,171027,825411,725023,19835,581075,520129,487283
0.905633,0.759318,0.789706,0.539272,0.678028,0.549292,1,0.0167294,0.00439675,0.656192,0.8207,0.201426,0.608747,0.890517,0.395333,0.67893,0.925889,0.604802,0.144656,0.202748,158627,342654,592972,567800,657858,871854,407326,416790,330063,160474,850237,548086,627594,408241,566715,96608.2,618573,251429,324747,575551,235192,847223,19835,372104,399172,784424,823095,241352,168137,610127,142812,562166,510067,171027,825411,725023,273723,827041,274917,451565
0.997381,0.818441,0.789706,0.534478,0.754985,0.527389,1,0.0167294,0,0.619819,0.8207,0.183349,0.697062,0.936305,0.395333,0.844533,0.885358,0.640428,0.144656,0.187992,158627,342654,592972,567800,657858,871854,407326,416790,330063,160474,850237,548086,627594,408241,567918,430030,844933,232912,324747,575551,235192,847223,19835,295632,399172,784424,823095,241352,161700,816591,142812,562166,510067,171027,825411,725023,88986.9,850624,527784,450016
0.958911,0.887389,0.789706,0.529607,0.713393,0.55674,1,0.206683,0.0939644,0.817857,0.722453,0.202162,0.78845,0.99958,0.391062,0.917626,0.885358,0.571311,0.274638,0.273074,158627,342654,592972,567800,657858,871854,407326,416790,330063,160474,850237,548086,627594,408241,567918,430030,961951,171252,324747,575551,235192,847223,306477,204118,399172,784424,823095,241352,172228,871062,142812,562166,510067,171027,825411,725023,19835,873870,898926,108164
1,0.917159,0.812871,0.51931,0.713393,0.66597,0.920034,0.251369,0.118606,0.886144,0.731959,0.21263,0.899887,1,0.371514,0.858337,0.801048,0.571311,0.208368,0.273074,158627,342654,592972,567800,657858,871854,407326,416790,330063,160474,850237,548086,627594,408241,21480.2,675507,540769,561317,324747,575551,235192,847223,191397,655904,399172,784424,823095,241352,798764,944242,142812,562166,510067,171027,825411,725023,240123,921068,688459,51121
0.993019,0.782238,0.952687,0.600561,0.618443,0.593233,0.798933,0.0436979,0.211893,0.769317,0.670519,0.202162,0.821415,0.910027,0.345527,0.896722,0.885358,0.579498,0.488508,0.323088,158627,342654,592972,567800,657858,871854,407326,416790,330063,160474,850237,548086,627594,408241,290312,51121,961951,265770,324747,575551,235192,847223,19835,51121,399172,784424,823095,241352,79133.9,835688,142812,562166,510460,175733,825411,725023,19835,658929,761124,98773.8
0.90537,0.773975,0.99661,0.67004,0.767259,0.84598,0.8311,0.102907,0.216977,0.80994,0.701196,0.150549,0.63683,0.8599,0.256076,0.812516,0.989757,0.554338,0.470352,0.317478,158627,342654,592972,567800,657858,871854,407326,416790,330063,160474,850237,548086,627594,408241,290312,51121,806666,467775,324747,575551,235192,847223,104955,51121,399172,784424,823095,241352,209682,767957,142812,562166,510460,175733,825411,725023,180516,520892,131537,375579
0.991999,0.737073,0.99661,0.67004,0.836368,0.884879,0.842456,0.102907,0.255822,0.746046,0.577739,0.355882,0.678043,0.8599,0.322297,0.812516,0.998044,0.541593,0.470352,0.414483,158627,342654,592972,567800,657858,871854,407326,416790,330063,160474,850237,548086,627594,408241,252470,282052,929983,580501,324747,575551,235192,847223,104955,51121,399172,784424,823095,241352,400432,452294,142812,562166,510460,175733,825411,725023,19835,458298,131537,375579
1,0.642397,1,0.67004,0.925747,0.948913,0.842456,0.102907,0.158927,0.865969,0.577739,0.427542,0.820994,0.988276,0.196031,0.871976,0.950494,0.555648,0.475264,0.479183,158627,342654,592972,567800,657858,871854,407326,416790,330063,160474,850237,548086,627594,408241,614427,241327,929983,580501,324747,575551,235192,847223,275248,101139,399172,784424,823095,241352,399005,238764,142812,562166,510460,175733,825411,725023,41485.1,259348,47650.1,281296
1,0.741231,0.991459,0.563931,0.939486,1,0.707371,0.0516885,0.173057,0.833394,0.577739,0.447751,0.826567,1,0.156808,0.789266,0.897847,0.588285,0.45603,0.431771,158627,342654,592972,567800,657858,871854,407326,416790,330063,160474,850237,548086,627594,408241,840638,51121,872594,247518,324747,575551,235192,847223,93160.3,106777,399172,784424,823095,241352,428059,282967,142812,562166,510460,175733,825411,725023,251221,160914,303469,54436.2
1,0.698591,0.991459,0.65637,0.909116,0.848979,0.781936,0.0639145,0.218172,0.94758,0.577739,0.447751,0.826567,0.9853,0.0671723,0.764697,0.897847,0.658677,0.409414,0.494874,158627,342654,592972,567800,657858,871854,407326,416790,330063,160474,850237,548086,627594,408241,617132,279684,592595,209420,324747,575551,235192,847223,365725,249733,399172,784424,823095,241352,488386,280865,142812,562166,510460,175733,825411,725023,19835,295529,193515,228732
0.925241,0.877913,0.857946,0.604301,1,0.902744,0.899127,0.149585,0.159705,0.699337,0.70722,0.29041,1,1,0.0239343,0.674844,0.938419,0.630442,0.495149,0.442522,158627,342654,592972,567800,657858,871854,407326,416790,330063,160474,850237,548086,627594,408241,310779,465437,533646,407730,324747,575551,235192,847223,314356,311481,399172,784424,823095,241352,392318,371292,142812,562166,510460,175733,825411,725023,565064,261610,339310,286727
0.852549,0.743244,0.765008,0.546684,0.981542,0.801681,0.957158,0.188546,0.151078,0.538705,0.623537,0.184679,0.910652,1,0.0239343,0.726015,1,0.610941,0.453967,0.42306,158627,342654,592972,567800,657858,871854,407326,416790,330063,160474,850237,548086,627594,408241,423317,51121,586309,625978,324747,575551,235192,847223,314356,311481,399172,784424,823095,241352,421306,621046,142812,562166,510460,175733,825411,725023,346757,465791,211918,119685
